      0/99     1.29G    0.1075    0.0181         0    0.1256        45       320    0.0218    0.3528    0.0172  0.002919    0.1041   0.01003         0
      1/99    0.581G   0.09544    0.0216         0     0.117        46       320    0.0235    0.3203   0.01788  0.002886   0.08167   0.01239         0
      2/99     1.19G   0.08483   0.02538         0    0.1102        54       320   0.04655    0.1835   0.03154  0.005871   0.06944   0.01356         0
      3/99     1.19G   0.07958   0.02613         0    0.1057        42       320    0.1032    0.2835   0.07581   0.01671   0.06255   0.01395         0
      4/99     1.19G   0.07304   0.02678         0   0.09982        46       320    0.2031    0.3528    0.1623   0.04418   0.05803    0.0138         0
      5/99     1.19G   0.06939   0.02814         0   0.09753        40       320    0.3504    0.4913    0.3468    0.1237   0.05393   0.01316         0
      6/99     1.19G   0.06385    0.0269         0   0.09075        48       320    0.5716     0.595    0.5537    0.2423   0.04969   0.01221         0
      7/99     1.19G   0.05884   0.02624         0   0.08508        50       320    0.6696    0.6688    0.6668    0.3071   0.04706   0.01165         0
      8/99     1.19G   0.05644   0.02489         0   0.08134        43       320    0.7033    0.6515    0.6974    0.3468   0.04559   0.01109         0
      9/99     1.19G    0.0525    0.0241         0   0.07659        43       320    0.8016    0.7381    0.7867     0.427   0.04211   0.01058         0
     10/99     1.19G   0.05324   0.02325         0   0.07649        43       320    0.8193    0.7457    0.8171    0.4175   0.04232  0.009841         0
     11/99     1.19G   0.05015   0.02232         0   0.07247        49       320    0.8195    0.7641    0.8444    0.4818   0.03982   0.00934         0
     12/99     1.19G   0.04951   0.02316         0   0.07267        49       320    0.8229    0.7846    0.8499    0.4675   0.03989  0.008902         0
     13/99     1.19G   0.04642   0.02151         0   0.06793        40       320     0.862    0.8117    0.8769    0.4833    0.0382  0.008565         0
     14/99     1.19G   0.04676   0.02178         0   0.06853        43       320    0.8897    0.8028    0.8834    0.5112   0.03664  0.008412         0
     15/99     1.19G   0.04463   0.02085         0   0.06547        44       320    0.9072    0.8052    0.8853    0.5339   0.03417   0.00825         0
     16/99     1.19G   0.04459   0.02056         0   0.06515        47       320     0.899    0.8093    0.8924    0.5269   0.03501   0.00807         0
     17/99     1.19G     0.044   0.02026         0   0.06426        46       320    0.8937    0.8373    0.9037     0.554   0.03333  0.008003         0
     18/99     1.19G   0.04434   0.02035         0   0.06469        52       320    0.8786    0.8615    0.9056    0.5477   0.03318  0.007757         0
     19/99     1.19G   0.04259   0.02034         0   0.06293        52       320    0.8674    0.8074    0.8711     0.518   0.03557  0.007602         0
     20/99     1.19G    0.0407   0.02012         0   0.06082        46       320    0.8908    0.8658    0.9169     0.567    0.0326  0.007565         0
     21/99     1.19G   0.04223   0.02052         0   0.06275        51       320    0.9052    0.8723    0.9174    0.5845   0.03042   0.00747         0
     22/99     1.19G   0.04006   0.02045         0   0.06051        51       320    0.9312    0.8571    0.9297    0.5972   0.02974  0.007262         0
     23/99     1.19G   0.03989   0.01944         0   0.05933        44       320    0.9408     0.868    0.9316    0.5817    0.0303  0.007167         0
     24/99     1.19G   0.03986   0.01902         0   0.05889        38       320    0.9026     0.883    0.9294    0.6116   0.03019  0.006981         0
     25/99     1.19G   0.04027   0.01909         0   0.05936        45       320    0.8446    0.8939    0.8942    0.6071    0.0317  0.006912         0
     26/99     1.19G   0.03931   0.02006         0   0.05937        57       320    0.9135    0.8911    0.9343    0.6256   0.02987  0.006854         0
     27/99     1.19G   0.03836   0.01945         0   0.05781        39       320    0.9174    0.8894    0.9333    0.6025   0.03028  0.006757         0
     28/99     1.19G   0.03735   0.01965         0   0.05699        36       320    0.9229    0.9091    0.9483    0.6406   0.02844  0.006784         0
     29/99     1.19G   0.03809   0.01961         0    0.0577        40       320    0.9293    0.8896    0.9459    0.6212    0.0287   0.00672         0
     30/99     1.19G   0.03596   0.01957         0   0.05553        58       320    0.9339    0.8872    0.9481    0.6489   0.02779  0.006651         0
     31/99     1.19G   0.03727   0.01854         0   0.05581        52       320    0.9398    0.9156    0.9532    0.6565   0.02659  0.006455         0
     32/99     1.19G   0.03588    0.0184         0   0.05428        53       320    0.9599    0.8961    0.9573    0.6536    0.0277  0.006503         0
     33/99     1.19G   0.03441   0.01882         0   0.05324        48       320    0.9411    0.9026    0.9559    0.6742   0.02634  0.006269         0
     34/99     1.19G    0.0346   0.01821         0   0.05281        49       320    0.9301    0.9219    0.9605    0.6689   0.02715  0.006304         0
     35/99     1.19G   0.03471   0.01704         0   0.05175        42       320    0.9326    0.9285    0.9619    0.6899   0.02522  0.006454         0
     36/99     1.19G   0.03332   0.01838         0    0.0517        43       320    0.9218    0.9435    0.9638    0.6804   0.02437  0.006302         0
     37/99     1.19G   0.03351   0.01807         0   0.05158        50       320    0.9429    0.9286    0.9648    0.6544   0.02666  0.006097         0
     38/99     1.19G   0.03785   0.01694         0    0.0548        45       320    0.9466    0.9242    0.9632     0.683   0.02955  0.006682         0
     39/99     1.19G   0.03904   0.01842         0   0.05746        49       320    0.9581    0.9177    0.9688    0.6468   0.02724  0.006157         0
     40/99     1.19G   0.03781   0.01872         0   0.05653        42       320    0.9492    0.9307    0.9688    0.7008   0.02441   0.00614         0
     41/99     1.19G   0.03713   0.01763         0   0.05475        40       320     0.928    0.9242    0.9552    0.6566   0.02821   0.00604         0
     42/99     1.19G   0.03734   0.01797         0   0.05531        43       320    0.9475    0.9394    0.9734    0.6795   0.02933  0.006074         0
     43/99     1.19G   0.03649   0.01747         0   0.05396        41       320    0.9616    0.9286    0.9723     0.672   0.02784  0.005937         0
     44/99     1.19G   0.03574   0.01805         0   0.05379        49       320    0.9418    0.9456    0.9738    0.7085   0.02594  0.005871         0
     45/99     1.19G   0.03334    0.0176         0   0.05093        39       320    0.9517    0.9388    0.9759     0.691   0.02608   0.00583         0
     46/99     1.19G    0.0348   0.01789         0   0.05269        54       320    0.9707    0.9394    0.9815     0.727    0.0248  0.005713         0
     47/99     1.19G   0.03414   0.01768         0   0.05182        50       320    0.9649    0.9545    0.9821    0.7117   0.02519  0.005768         0
     48/99     1.19G   0.03273   0.01703         0   0.04975        48       320    0.9646    0.9437    0.9801    0.7164   0.02339  0.005719         0
     49/99     1.19G   0.03289   0.01814         0   0.05103        49       320    0.9751    0.9328    0.9784    0.7082   0.02541  0.005603         0
     50/99     1.19G    0.0327   0.01734         0   0.05004        47       320     0.969    0.9458    0.9834    0.7319   0.02284  0.005469         0
     51/99     1.19G   0.03263   0.01747         0    0.0501        41       320    0.9591    0.9632    0.9856    0.7299   0.02351  0.005464         0
     52/99     1.19G   0.03258   0.01733         0   0.04991        54       320    0.9796    0.9351    0.9849    0.7222   0.02359  0.005337         0
     53/99     1.19G   0.03111   0.01688         0   0.04799        48       320    0.9733    0.9502     0.983    0.7299   0.02302  0.005429         0
     54/99     1.19G   0.03184   0.01654         0   0.04838        45       320    0.9591    0.9675    0.9849    0.7596    0.0221  0.005333         0
     55/99     1.19G    0.0313   0.01723         0   0.04853        45       320    0.9778    0.9545    0.9853     0.759   0.02202  0.005294         0
     56/99     1.19G   0.03106   0.01723         0   0.04829        47       320    0.9637    0.9783     0.987     0.775   0.02053  0.005276         0
     57/99     1.19G   0.03062   0.01676         0   0.04738        58       320    0.9739    0.9673     0.988    0.7571   0.02128  0.005221         0
     58/99     1.19G   0.03129   0.01694         0   0.04823        50       320    0.9556    0.9784     0.989    0.7659   0.02106  0.005201         0
     59/99     1.19G   0.03006   0.01628         0   0.04634        45       320    0.9639    0.9827    0.9886    0.7707    0.0216  0.005036         0
     60/99     1.19G   0.02887   0.01681         0   0.04568        38       320    0.9659    0.9805    0.9884    0.7893   0.01988  0.005121         0
     61/99     1.19G   0.02842   0.01593         0   0.04434        36       320    0.9696    0.9762     0.988    0.7789   0.02079  0.004999         0
     62/99     1.19G   0.02956   0.01594         0    0.0455        48       320    0.9824    0.9653    0.9883    0.7914   0.01913  0.004929         0
     63/99     1.19G   0.02864   0.01648         0   0.04511        45       320    0.9657    0.9738    0.9893    0.7799   0.02035  0.004954         0
     64/99     1.19G   0.02795   0.01585         0   0.04381        46       320    0.9888    0.9589    0.9911    0.7842    0.0189  0.004951         0
     65/99     1.19G   0.02752   0.01546         0   0.04298        47       320    0.9867    0.9784     0.991    0.7708   0.02018  0.004942         0
     66/99     1.19G    0.0287   0.01575         0   0.04445        44       320    0.9912     0.974    0.9911    0.7972   0.01922  0.004787         0
     67/99     1.19G   0.02749   0.01591         0    0.0434        46       320     0.989    0.9739    0.9898    0.7885   0.01905  0.004731         0
     68/99     1.19G   0.02839   0.01667         0   0.04506        54       320     0.978    0.9805    0.9895    0.7926   0.01812  0.004743         0
     69/99     1.19G   0.02692   0.01551         0   0.04243        54       320    0.9869    0.9784    0.9896    0.7839    0.0197  0.004729         0
     70/99     1.19G   0.02747    0.0167         0   0.04417        50       320    0.9827    0.9848    0.9904    0.7929   0.01976  0.004748         0
     71/99     1.19G   0.02574     0.016         0   0.04173        55       320     0.987     0.987    0.9913    0.8088   0.01881  0.004534         0
     72/99     1.19G    0.0276   0.01594         0   0.04354        44       320    0.9912    0.9805    0.9925    0.8101   0.01844  0.004591         0
     73/99     1.19G   0.02632   0.01509         0   0.04141        39       320    0.9934    0.9805    0.9928    0.8095   0.01832  0.004655         0
     74/99     1.19G   0.02593   0.01555         0   0.04148        43       320     0.989    0.9805    0.9921    0.7956   0.01949  0.004666         0
     75/99     1.19G    0.0265   0.01519         0   0.04169        33       320    0.9846     0.987     0.992    0.7999   0.01839  0.004565         0
     76/99     1.19G   0.02553   0.01549         0   0.04103        41       320     0.987    0.9848    0.9921    0.8106   0.01786  0.004607         0
     77/99     1.19G   0.02632   0.01494         0   0.04126        48       320    0.9723    0.9935    0.9918    0.7957   0.01906   0.00463         0
     78/99     1.19G   0.02627   0.01587         0   0.04214        44       320    0.9826    0.9782    0.9913     0.806   0.01868   0.00468         0
     79/99     1.19G   0.02512   0.01463         0   0.03975        48       320     0.987    0.9848    0.9925    0.8131   0.01792  0.004571         0
     80/99     1.19G   0.02499   0.01502         0   0.04001        54       320    0.9828    0.9913    0.9925    0.8185   0.01825  0.004512         0
     81/99     1.19G   0.02474    0.0154         0   0.04014        43       320     0.987    0.9913    0.9918    0.8253   0.01787   0.00441         0
     82/99     1.19G   0.02444   0.01471         0   0.03915        44       320    0.9808    0.9935    0.9917    0.8142   0.01791  0.004454         0
     83/99     1.19G   0.02529   0.01501         0    0.0403        54       320    0.9829    0.9956    0.9928    0.8248   0.01784  0.004383         0
     84/99     1.19G    0.0252   0.01463         0   0.03983        47       320     0.987    0.9892    0.9919     0.825    0.0174  0.004369         0
     85/99     1.19G     0.025   0.01549         0   0.04049        43       320    0.9849    0.9913    0.9923    0.8256   0.01792  0.004339         0
     86/99     1.19G   0.02529    0.0144         0    0.0397        47       320    0.9891     0.987    0.9925    0.8304   0.01728  0.004423         0
     87/99     1.19G   0.02371   0.01471         0   0.03842        53       320    0.9913     0.987    0.9923    0.8344   0.01647  0.004256         0
     88/99     1.19G    0.0241   0.01461         0    0.0387        45       320    0.9935    0.9891    0.9923    0.8357   0.01668  0.004269         0
     89/99     1.19G   0.02382   0.01516         0   0.03898        48       320    0.9934    0.9848    0.9927    0.8367   0.01678  0.004289         0
     90/99     1.19G   0.02318   0.01435         0   0.03753        55       320    0.9892     0.987     0.992     0.833   0.01662  0.004194         0
     91/99     1.19G   0.02148   0.01446         0   0.03593        53       320    0.9871    0.9913    0.9927    0.8277   0.01625  0.004297         0
     92/99     1.19G   0.02336   0.01536         0   0.03873        43       320    0.9872    0.9978    0.9923    0.8292   0.01599  0.004166         0
     93/99     1.19G   0.02343   0.01479         0   0.03822        48       320    0.9828    0.9935    0.9918    0.8295    0.0162   0.00423         0
     94/99     1.19G   0.02301   0.01487         0   0.03788        51       320     0.985    0.9935    0.9928    0.8439   0.01669  0.004119         0
     95/99     1.19G   0.02317   0.01508         0   0.03825        51       320     0.985    0.9935    0.9929    0.8379   0.01644  0.004129         0
     96/99     1.19G    0.0237   0.01421         0   0.03791        45       320     0.985    0.9935     0.992    0.8351    0.0163  0.004184         0
     97/99     1.19G   0.02436   0.01439         0   0.03875        44       320    0.9871    0.9935    0.9928    0.8342   0.01628  0.004282         0
     98/99     1.19G   0.02283   0.01448         0   0.03731        44       320     0.985    0.9935    0.9929    0.8447   0.01552  0.004136         0
     99/99     1.19G   0.02367    0.0144         0   0.03807        48       320    0.9891    0.9913    0.9933    0.8431   0.01561  0.004065         0
